% DNS of turbulent channel flow at Re_b=10000 using SIMSON on Fritz, NHR@FAU.
% Domain size Lx=8*pi*H, Lz=3*pi*H
% grid size: 1440*161*864
% all quantities are reported in outer units, i.e., normalized by bulk velocity, Ub, and channel half-height, H.
% y, U, V, W, u'u', v'v', w'w', u'v', u'w', v'w', dU/dy
  -1.0000000e+00	   8.9406972e-08	   3.6413423e-36	   1.0859367e-08	  -1.4199496e-29	   1.2466619e-33	   2.4960052e-31	  -7.0553687e-36	   0.0000000e+00	   7.4718126e-37	   2.9563775e+01	
  -9.9980724e-01	   5.6982378e-03	   1.2743178e-24	   1.6002077e-07	   5.2927027e-06	   4.8525179e-11	   2.1543911e-06	  -3.3417444e-09	  -4.9332596e-10	  -2.4511954e-13	   2.9558045e+01	
  -9.9922904e-01	   2.2783485e-02	  -1.4195304e-24	   6.0587837e-07	   8.4191851e-05	   1.1302566e-08	   3.1929530e-05	  -2.1944283e-07	  -8.0205649e-09	  -1.6187804e-11	   2.9538792e+01	
  -9.9826561e-01	   5.1219650e-02	   3.6924709e-23	   1.3395157e-06	   4.2285816e-04	   2.4802030e-07	   1.4280564e-04	  -2.5863387e-06	  -4.1260724e-08	  -1.9560569e-10	   2.9486628e+01	
  -9.9691733e-01	   9.0881154e-02	   8.2241598e-23	   2.3106661e-06	   1.3201924e-03	   2.0058004e-06	   3.8193464e-04	  -1.4902924e-05	  -1.3329342e-07	  -1.1995339e-09	   2.9323556e+01	
  -9.9518473e-01	   1.4133274e-01	  -1.8577155e-22	   3.3836390e-06	   3.1366047e-03	   9.2125166e-06	   7.5990303e-04	  -5.6360870e-05	  -3.4020976e-07	  -5.3387538e-09	   2.8857646e+01	
  -9.9306846e-01	   2.0136959e-01	  -9.5028191e-22	   4.1601765e-06	   6.1162803e-03	   2.9308873e-05	   1.2460216e-03	  -1.5739488e-04	  -7.5768655e-07	  -1.7380025e-08	   2.7784588e+01	
  -9.9056934e-01	   2.6850329e-01	  -7.7703033e-22	   3.8727587e-06	   1.0098120e-02	   7.2195988e-05	   1.7895428e-03	  -3.4519069e-04	  -1.5363738e-06	  -3.9303217e-08	   2.5832591e+01	
  -9.8768834e-01	   3.3892178e-01	   6.5600864e-22	   1.4445571e-06	   1.4413915e-02	   1.4775069e-04	   2.3469308e-03	  -6.2171021e-04	  -2.8361778e-06	  -5.7491821e-08	   2.2982223e+01	
  -9.8442657e-01	   4.0825952e-01	   2.6119300e-21	  -3.4940403e-06	   1.8205165e-02	   2.6340991e-04	   2.8927081e-03	  -9.5633935e-04	  -4.7095719e-06	  -3.4325037e-08	   1.9539668e+01	
  -9.8078528e-01	   4.7277834e-01	   1.4201315e-21	  -9.4297458e-06	   2.0877786e-02	   4.2255601e-04	   3.4119522e-03	  -1.3016590e-03	  -6.9515712e-06	   6.4453643e-08	   1.5978873e+01	
  -9.7676588e-01	   5.3018356e-01	   1.7954383e-21	  -1.2673007e-05	   2.2281957e-02	   6.2357698e-04	   3.8901592e-03	  -1.6165975e-03	  -9.0531355e-06	   2.2897342e-07	   1.2709771e+01	
  -9.7236992e-01	   5.7970656e-01	  -1.2246846e-22	  -9.4561520e-06	   2.2592409e-02	   8.5972186e-04	   4.3120666e-03	  -1.8789237e-03	  -1.0412213e-05	   3.9455107e-07	   9.9544777e+00	
  -9.6759909e-01	   6.2167663e-01	   2.2894887e-21	   9.5240616e-07	   2.2111690e-02	   1.1201246e-03	   4.6667129e-03	  -2.0840761e-03	  -1.0593305e-05	   4.6914543e-07	   7.7592693e+00	
  -9.6245524e-01	   6.5699014e-01	  -2.9024574e-22	   1.4756676e-05	   2.1138242e-02	   1.3918797e-03	   4.9508842e-03	  -2.2377436e-03	  -9.7542354e-06	   4.2996914e-07	   6.0681242e+00	
  -9.5694034e-01	   6.8671945e-01	   2.8248479e-21	   2.7553091e-05	   1.9910156e-02	   1.6623429e-03	   5.1680990e-03	  -2.3492765e-03	  -8.7125103e-06	   3.0592812e-07	   4.7880483e+00	
  -9.5105652e-01	   7.1189668e-01	  -2.2274415e-21	   3.8623988e-05	   1.8596112e-02	   1.9208288e-03	   5.3256695e-03	  -2.4280560e-03	  -8.2802101e-06	   1.2533696e-07	   3.8260254e+00	
  -9.4480605e-01	   7.3342426e-01	   2.3960052e-21	   4.9853682e-05	   1.7305440e-02	   2.1593620e-03	   5.4324640e-03	  -2.4819617e-03	  -8.3159656e-06	  -1.2957518e-07	   3.1036907e+00	
  -9.3819134e-01	   7.5205703e-01	   5.0742377e-21	   5.9375976e-05	   1.6101619e-02	   2.3727724e-03	   5.4968009e-03	  -2.5170514e-03	  -8.1827300e-06	  -4.4811780e-07	   2.5607542e+00	
  -9.3121493e-01	   7.6841613e-01	   1.4408252e-20	   6.2639518e-05	   1.5015447e-02	   2.5583156e-03	   5.5272846e-03	  -2.5378594e-03	  -7.3788648e-06	  -7.6415097e-07	   2.1517187e+00	
  -9.2387953e-01	   7.8300243e-01	  -1.3803719e-21	   5.6967705e-05	   1.4057336e-02	   2.7151831e-03	   5.5307013e-03	  -2.5478203e-03	  -5.5417304e-06	  -1.0250031e-06	   1.8419058e+00	
  -9.1618796e-01	   7.9621223e-01	   1.0112597e-20	   4.4633362e-05	   1.3225091e-02	   2.8440487e-03	   5.5111812e-03	  -2.5494735e-03	  -2.8697594e-06	  -1.4818523e-06	   1.6051153e+00	
  -9.0814317e-01	   8.0835158e-01	  -1.0142915e-20	   2.8570203e-05	   1.2508569e-02	   2.9466774e-03	   5.4726508e-03	  -2.5446844e-03	   4.1882565e-07	  -2.2047540e-06	   1.4217876e+00	
  -8.9974828e-01	   8.1965536e-01	   8.4743095e-21	   1.0636113e-05	   1.1892667e-02	   3.0256617e-03	   5.4183899e-03	  -2.5347520e-03	   3.6468052e-06	  -3.1083857e-06	   1.2777447e+00	
  -8.9100652e-01	   8.3029852e-01	   2.3000585e-20	  -8.0918058e-06	   1.1363735e-02	   3.0838375e-03	   5.3517193e-03	  -2.5207871e-03	   6.4692348e-06	  -3.7399323e-06	   1.1620614e+00	
  -8.8192126e-01	   8.4041025e-01	  -1.4846020e-20	  -2.6896697e-05	   1.0909264e-02	   3.1239583e-03	   5.2758667e-03	  -2.5035714e-03	   8.5354367e-06	  -4.0152913e-06	   1.0675828e+00	
  -8.7249601e-01	   8.5009169e-01	   2.3383014e-20	  -4.4229229e-05	   1.0515662e-02	   3.1487470e-03	   5.1930537e-03	  -2.4834792e-03	   9.7826386e-06	  -4.1155750e-06	   9.8970769e-01	
  -8.6273439e-01	   8.5942382e-01	   1.2024819e-21	  -5.8990590e-05	   1.0170322e-02	   3.1606517e-03	   5.1050535e-03	  -2.4609636e-03	   1.0375768e-05	  -4.0798461e-06	   9.2436427e-01	
  -8.5264016e-01	   8.6846093e-01	   2.8434601e-21	  -7.4015144e-05	   9.8649096e-03	   3.1618304e-03	   5.0130830e-03	  -2.4366844e-03	   1.0184542e-05	  -3.5989059e-06	   8.6783554e-01	
  -8.4221723e-01	   8.7724379e-01	  -2.1249848e-20	  -9.2480104e-05	   9.5914722e-03	   3.1539923e-03	   4.9193163e-03	  -2.4106396e-03	   9.4770981e-06	  -2.7744576e-06	   8.1882042e-01	
  -8.3146961e-01	   8.8580543e-01	  -5.0813710e-21	  -1.1061704e-04	   9.3431225e-03	   3.1387589e-03	   4.8257158e-03	  -2.3829075e-03	   8.4755673e-06	  -1.9429096e-06	   7.7546346e-01	
  -8.2040144e-01	   8.9417134e-01	  -1.6254691e-20	  -1.2207710e-04	   9.1136008e-03	   3.1176253e-03	   4.7333490e-03	  -2.3537923e-03	   7.3568323e-06	  -1.3979040e-06	   7.3726191e-01	
  -8.0901699e-01	   9.0236775e-01	   6.6531330e-21	  -1.2655768e-04	   8.8986493e-03	   3.0917733e-03	   4.6425746e-03	  -2.3232109e-03	   6.3966443e-06	  -1.0164609e-06	   7.0347578e-01	
  -7.9732065e-01	   9.1041556e-01	   2.9597428e-20	  -1.2893507e-04	   8.6956937e-03	   3.0621549e-03	   4.5522124e-03	  -2.2914438e-03	   5.9375387e-06	  -7.8232762e-07	   6.7330973e-01	
  -7.8531693e-01	   9.1832836e-01	   1.4181012e-21	  -1.3000883e-04	   8.5016826e-03	   3.0295587e-03	   4.4610528e-03	  -2.2587017e-03	   5.9830416e-06	  -7.8610348e-07	   6.4546695e-01	
  -7.7301045e-01	   9.2610756e-01	   1.8432682e-20	  -1.3682344e-04	   8.3144054e-03	   2.9944425e-03	   4.3706587e-03	  -2.2249381e-03	   6.6283015e-06	  -9.7527907e-07	   6.1913627e-01	
  -7.6040597e-01	   9.3375291e-01	  -2.4413975e-20	  -1.4587410e-04	   8.1324830e-03	   2.9572154e-03	   4.2821676e-03	  -2.1900605e-03	   6.8594140e-06	  -1.1002628e-06	   5.9435906e-01	
  -7.4750833e-01	   9.4126859e-01	   2.0616051e-20	  -1.5362146e-04	   7.9543729e-03	   2.9182456e-03	   4.1956772e-03	  -2.1540189e-03	   6.8683557e-06	  -8.6787099e-07	   5.7147055e-01	
  -7.3432251e-01	   9.4866006e-01	  -2.0044969e-21	  -1.6743398e-04	   7.7806345e-03	   2.8775923e-03	   4.1103587e-03	  -2.1168347e-03	   6.8009095e-06	  -4.6846591e-07	   5.4987817e-01	
  -7.2085360e-01	   9.5592699e-01	  -1.0138899e-20	  -1.9083679e-04	   7.6106182e-03	   2.8351971e-03	   4.0256033e-03	  -2.0787118e-03	   6.3315223e-06	  -1.6606311e-07	   5.2954858e-01	
  -7.0710678e-01	   9.6307625e-01	  -5.8953716e-21	  -2.1447690e-04	   7.4430246e-03	   2.7912350e-03	   3.9404417e-03	  -2.0395161e-03	   5.8999568e-06	  -3.2562933e-08	   5.1087159e-01	
  -6.9308736e-01	   9.7011335e-01	   1.3832530e-20	  -2.3348937e-04	   7.2779056e-03	   2.7457828e-03	   3.8557677e-03	  -1.9994032e-03	   5.3830873e-06	   9.6601414e-09	   4.9323185e-01	
  -6.7880075e-01	   9.7703858e-01	   1.3580884e-20	  -2.4382865e-04	   7.1145514e-03	   2.6991464e-03	   3.7711447e-03	  -1.9585435e-03	   4.0337648e-06	   4.0122922e-08	   4.7646541e-01	
  -6.6425244e-01	   9.8385654e-01	  -1.9497327e-20	  -2.4918814e-04	   6.9505256e-03	   2.6518590e-03	   3.6861837e-03	  -1.9168719e-03	   2.6864102e-06	  -9.9467055e-08	   4.6115577e-01	
  -6.4944805e-01	   9.9057869e-01	   1.2020455e-20	  -2.5273261e-04	   6.7859513e-03	   2.6037967e-03	   3.6015965e-03	  -1.8743091e-03	   2.6142633e-06	  -5.5018606e-07	   4.4711751e-01	
  -6.3439328e-01	   9.9720580e-01	  -1.5087511e-20	  -2.5688648e-04	   6.6197010e-03	   2.5549100e-03	   3.5175957e-03	  -1.8309677e-03	   3.4565480e-06	  -9.7402664e-07	   4.3333759e-01	
  -6.1909395e-01	   1.0037309e+00	   9.2241256e-21	  -2.6572922e-04	   6.4523188e-03	   2.5054397e-03	   3.4332189e-03	  -1.7870184e-03	   4.8367388e-06	  -1.2574880e-06	   4.1972462e-01	
  -6.0355594e-01	   1.0101491e+00	   2.0581805e-20	  -2.8001686e-04	   6.2860383e-03	   2.4554566e-03	   3.3489202e-03	  -1.7425053e-03	   5.3318383e-06	  -1.3621339e-06	   4.0655854e-01	
  -5.8778525e-01	   1.0164617e+00	  -3.1295503e-21	  -2.9004846e-04	   6.1217375e-03	   2.4048964e-03	   3.2643350e-03	  -1.6974636e-03	   4.2345139e-06	  -1.0077456e-06	   3.9412366e-01	
  -5.7178796e-01	   1.0226706e+00	   2.9562193e-20	  -2.9273359e-04	   5.9577392e-03	   2.3537353e-03	   3.1789397e-03	  -1.6516212e-03	   2.6745478e-06	  -3.8337889e-07	   3.8221145e-01	
  -5.5557023e-01	   1.0287737e+00	   1.6754441e-20	  -2.9362436e-04	   5.7937064e-03	   2.3018447e-03	   3.0930545e-03	  -1.6050112e-03	   1.9848919e-06	   1.6146990e-07	   3.7045173e-01	
  -5.3913832e-01	   1.0347638e+00	  -1.0800782e-20	  -2.9504993e-04	   5.6290346e-03	   2.2491923e-03	   3.0072227e-03	  -1.5578414e-03	   1.9848634e-06	   6.2706189e-07	   3.5869288e-01	
  -5.2249856e-01	   1.0406379e+00	  -2.8644611e-20	  -3.0079431e-04	   5.4629630e-03	   2.1961813e-03	   2.9195387e-03	  -1.5101088e-03	   2.5895508e-06	   1.0350000e-06	   3.4749725e-01	
  -5.0565737e-01	   1.0464015e+00	   4.1679829e-20	  -3.0703829e-04	   5.2962633e-03	   2.1431195e-03	   2.8307983e-03	  -1.4615205e-03	   2.5227305e-06	   1.3210868e-06	   3.3712982e-01	
  -4.8862124e-01	   1.0520624e+00	  -1.5519631e-20	  -3.1168742e-04	   5.1300939e-03	   2.0900112e-03	   2.7416870e-03	  -1.4121981e-03	   1.8196630e-06	   1.2638667e-06	   3.2760477e-01	
  -4.7139674e-01	   1.0576291e+00	  -2.5841878e-20	  -3.1295889e-04	   4.9642220e-03	   2.0369123e-03	   2.6526896e-03	  -1.3620610e-03	   4.5085047e-07	   1.0970658e-06	   3.1887545e-01	
  -4.5399050e-01	   1.0631042e+00	  -8.5376965e-21	  -3.0901021e-04	   4.7979883e-03	   1.9840844e-03	   2.5640707e-03	  -1.3112910e-03	  -4.8047551e-07	   8.3310097e-07	   3.1015262e-01	
  -4.3640924e-01	   1.0684760e+00	   3.6205859e-20	  -3.0375669e-04	   4.6322224e-03	   1.9317938e-03	   2.4752546e-03	  -1.2601884e-03	  -1.0458778e-06	   5.3363685e-07	   3.0087600e-01	
  -4.1865974e-01	   1.0737319e+00	  -2.0791463e-20	  -2.9577294e-04	   4.4685889e-03	   1.8800761e-03	   2.3862327e-03	  -1.2086330e-03	  -9.7058833e-07	   1.1018910e-07	   2.9131192e-01	
  -4.0074883e-01	   1.0788597e+00	   1.1236531e-20	  -2.8025383e-04	   4.3077720e-03	   1.8288645e-03	   2.2982347e-03	  -1.1568479e-03	  -5.6011624e-07	  -2.7295018e-07	   2.8118737e-01	
  -3.8268343e-01	   1.0838454e+00	   1.2808330e-20	  -2.5215823e-04	   4.1499677e-03	   1.7781757e-03	   2.2115278e-03	  -1.1048833e-03	  -5.3941346e-07	  -5.1776212e-07	   2.7081801e-01	
  -3.6447050e-01	   1.0886858e+00	  -9.4526231e-21	  -2.1370068e-04	   3.9943812e-03	   1.7281035e-03	   2.1269869e-03	  -1.0526512e-03	  -1.4930738e-06	  -6.3592297e-07	   2.6078765e-01	
  -3.4611706e-01	   1.0933817e+00	   1.0164659e-20	  -1.6568635e-04	   3.8396072e-03	   1.6789592e-03	   2.0447904e-03	  -9.9997315e-04	  -2.9898887e-06	  -5.6100637e-07	   2.5094252e-01	
  -3.2763018e-01	   1.0979292e+00	  -2.3826986e-20	  -1.1224999e-04	   3.6845198e-03	   1.6312853e-03	   1.9641289e-03	  -9.4680916e-04	  -4.0869276e-06	  -4.1864771e-07	   2.4103841e-01	
  -3.0901699e-01	   1.1023245e+00	   1.6367341e-20	  -6.4089801e-05	   3.5295622e-03	   1.5854208e-03	   1.8850951e-03	  -8.9284214e-04	  -4.4383384e-06	  -4.3665660e-07	   2.3130228e-01	
  -2.9028468e-01	   1.1065661e+00	  -1.8556340e-20	  -1.8468439e-05	   3.3750746e-03	   1.5413876e-03	   1.8087541e-03	  -8.3826059e-04	  -4.5608174e-06	  -4.6393341e-07	   2.2146514e-01	
  -2.7144045e-01	   1.1106402e+00	   2.9933531e-21	   2.4174336e-05	   3.2221573e-03	   1.4991943e-03	   1.7353648e-03	  -7.8335271e-04	  -3.9629136e-06	  -3.9791071e-07	   2.1082891e-01	
  -2.5249158e-01	   1.1145306e+00	  -9.8767176e-21	   5.8697972e-05	   3.0714771e-03	   1.4589042e-03	   1.6654711e-03	  -7.2842766e-04	  -2.8066727e-06	  -4.3704578e-07	   1.9970978e-01	
  -2.3344536e-01	   1.1182208e+00	   7.8685115e-21	   8.5378415e-05	   2.9236862e-03	   1.4205978e-03	   1.5993782e-03	  -6.7335706e-04	  -1.6934567e-06	  -5.7314014e-07	   1.8760386e-01	
  -2.1430915e-01	   1.1216892e+00	   1.5946250e-21	   1.0513407e-04	   2.7805212e-03	   1.3845610e-03	   1.5361242e-03	  -6.1801283e-04	  -8.7154479e-07	  -7.6498907e-07	   1.7487502e-01	
  -1.9509032e-01	   1.1249248e+00	  -4.4247990e-22	   1.1316737e-04	   2.6419337e-03	   1.3511700e-03	   1.4756435e-03	  -5.6228291e-04	   1.5325085e-07	  -9.7885250e-07	   1.6173060e-01	
  -1.7579628e-01	   1.1279132e+00	  -1.3133415e-20	   1.1415643e-04	   2.5100148e-03	   1.3205510e-03	   1.4190756e-03	  -5.0621973e-04	   1.4173583e-06	  -9.4441288e-07	   1.4795982e-01	
  -1.5643447e-01	   1.1306393e+00	  -8.6860238e-21	   1.1659519e-04	   2.3867088e-03	   1.2927105e-03	   1.3674491e-03	  -4.4994864e-04	   2.4890955e-06	  -6.8659952e-07	   1.3349804e-01	
  -1.3701234e-01	   1.1330856e+00	   1.7192764e-20	   1.2127640e-04	   2.2738484e-03	   1.2677546e-03	   1.3210289e-03	  -3.9381488e-04	   2.9866612e-06	  -3.5810752e-07	   1.1835163e-01	
  -1.1753740e-01	   1.1352399e+00	   1.3086654e-20	   1.2740677e-04	   2.1721532e-03	   1.2458432e-03	   1.2799319e-03	  -3.3794354e-04	   2.8705321e-06	  -6.0141494e-08	   1.0279756e-01	
  -9.8017140e-02	   1.1370885e+00	   1.1331817e-20	   1.3511530e-04	   2.0828428e-03	   1.2272271e-03	   1.2443116e-03	  -2.8214309e-04	   2.4805764e-06	   2.0236627e-07	   8.6481077e-02	
  -7.8459096e-02	   1.1386151e+00	  -1.3441439e-20	   1.4537011e-04	   2.0071463e-03	   1.2120721e-03	   1.2144150e-03	  -2.2626512e-04	   1.9506153e-06	   4.1047441e-07	   6.9556189e-02	
  -5.8870804e-02	   1.1398091e+00	   2.3472993e-20	   1.5625701e-04	   1.9469449e-03	   1.2003550e-03	   1.1910696e-03	  -1.7021465e-04	   1.2899459e-06	   5.8007405e-07	   5.2298927e-02	
  -3.9259816e-02	   1.1406616e+00	   7.4266681e-21	   1.6648684e-04	   1.9034228e-03	   1.1920201e-03	   1.1742467e-03	  -1.1412873e-04	   5.7742734e-07	   5.7493272e-07	   3.4572467e-02	
  -1.9633692e-02	   1.1411652e+00	  -2.4477296e-20	   1.7768663e-04	   1.8770954e-03	   1.1871159e-03	   1.1638693e-03	  -5.7924062e-05	   2.2842088e-07	   5.2657442e-07	   1.6799989e-02	
   0.0000000e+00	   1.1413220e+00	  -8.7466453e-21	   1.9254640e-04	   1.8678727e-03	   1.1856841e-03	   1.1600264e-03	  -1.7009972e-06	   2.4422166e-07	   4.4732004e-07	  -8.6915951e-04	
   1.9633692e-02	   1.1411292e+00	   7.1504035e-21	   2.0731452e-04	   1.8757101e-03	   1.1876469e-03	   1.1632602e-03	   5.4421903e-05	  -8.6541436e-08	   4.5630410e-07	  -1.8778950e-02	
   3.9259816e-02	   1.1405862e+00	   9.3037032e-21	   2.1649438e-04	   1.9009092e-03	   1.1928923e-03	   1.1733622e-03	   1.1042228e-04	  -2.8970316e-07	   5.7013913e-07	  -3.6490966e-02	
   5.8870804e-02	   1.1397013e+00	   2.7364799e-21	   2.1298535e-04	   1.9429060e-03	   1.2014521e-03	   1.1902158e-03	   1.6645577e-04	   4.2879215e-07	   6.6242725e-07	  -5.3651228e-02	
   7.8459096e-02	   1.1384858e+00	   1.4395814e-20	   1.9787851e-04	   2.0002901e-03	   1.2133945e-03	   1.2128585e-03	   2.2253751e-04	   1.7235880e-06	   7.9191319e-07	  -7.0427370e-02	
   9.8017140e-02	   1.1369467e+00	  -1.0412573e-20	   1.8210444e-04	   2.0719527e-03	   1.2286130e-03	   1.2412762e-03	   2.7860614e-04	   3.1311013e-06	   9.9313827e-07	  -8.6873990e-02	
   1.1753740e-01	   1.1350943e+00	  -1.4336341e-20	   1.6886708e-04	   2.1568636e-03	   1.2469937e-03	   1.2761273e-03	   3.3448068e-04	   4.4516370e-06	   1.1593155e-06	  -1.0288478e-01	
   1.3701234e-01	   1.1329379e+00	  -7.2017774e-21	   1.5666987e-04	   2.2539615e-03	   1.2685636e-03	   1.3173680e-03	   3.9038192e-04	   5.6075398e-06	   1.2881018e-06	  -1.1844997e-01	
   1.5643447e-01	   1.1304915e+00	  -1.3903819e-20	   1.4744296e-04	   2.3616904e-03	   1.2933285e-03	   1.3646468e-03	   4.4629867e-04	   6.4942163e-06	   1.2543239e-06	  -1.3341400e-01	
   1.7579628e-01	   1.1277679e+00	   1.1100685e-20	   1.4425527e-04	   2.4786691e-03	   1.3211682e-03	   1.4170985e-03	   5.0223050e-04	   6.9751517e-06	   9.7596611e-07	  -1.4776384e-01	
   1.9509032e-01	   1.1247857e+00	  -1.1500293e-20	   1.4401385e-04	   2.6044430e-03	   1.3519491e-03	   1.4741869e-03	   5.5808639e-04	   7.2420631e-06	   5.6361721e-07	  -1.6134024e-01	
   2.1430915e-01	   1.1215544e+00	   2.0186185e-20	   1.4666354e-04	   2.7382149e-03	   1.3855555e-03	   1.5353258e-03	   6.1384482e-04	   7.8075298e-06	   3.1211980e-07	  -1.7489414e-01	
   2.3344536e-01	   1.1180824e+00	   1.1105378e-20	   1.5183244e-04	   2.8782772e-03	   1.4218317e-03	   1.6002358e-03	   6.6958505e-04	   8.9272965e-06	   3.3890116e-07	  -1.8787831e-01	
   2.5249158e-01	   1.1143860e+00	   4.1816984e-21	   1.6246176e-04	   3.0232115e-03	   1.4605067e-03	   1.6688078e-03	   7.2520842e-04	   9.9871090e-06	   4.7209823e-07	  -2.0010894e-01	
   2.7144045e-01	   1.1104870e+00	   8.6296456e-21	   1.7619297e-04	   3.1725360e-03	   1.5011828e-03	   1.7405453e-03	   7.8063831e-04	   1.0019279e-05	   5.6276363e-07	  -2.1131432e-01	
   2.9028468e-01	   1.1064032e+00	  -1.0024599e-20	   1.8901514e-04	   3.3258559e-03	   1.5436385e-03	   1.8144985e-03	   8.3577270e-04	   9.1007798e-06	   5.5845311e-07	  -2.2204092e-01	
   3.0901699e-01	   1.1021484e+00	  -1.5113381e-20	   2.0026145e-04	   3.4817485e-03	   1.5876567e-03	   1.8906313e-03	   8.9060801e-04	   7.6615185e-06	   6.1371733e-07	  -2.3216007e-01	
   3.2763018e-01	   1.0977345e+00	  -7.6647790e-21	   2.0951899e-04	   3.6391764e-03	   1.6333470e-03	   1.9696241e-03	   9.4510078e-04	   5.6992467e-06	   8.9739450e-07	  -2.4210166e-01	
   3.4611706e-01	   1.0931693e+00	  -2.4515274e-20	   2.1862984e-04	   3.7981451e-03	   1.6807647e-03	   2.0503798e-03	   9.9923443e-04	   3.8002548e-06	   1.0147627e-06	  -2.5176647e-01	
   3.6447050e-01	   1.0884595e+00	  -2.8919449e-20	   2.2384197e-04	   3.9588975e-03	   1.7295359e-03	   2.1331175e-03	   1.0528800e-03	   2.2851554e-06	   8.2955557e-07	  -2.6148585e-01	
   3.8268343e-01	   1.0836114e+00	  -2.0273715e-20	   2.2267730e-04	   4.1213484e-03	   1.7792002e-03	   2.2178256e-03	   1.1058310e-03	   1.0008404e-06	   4.6035073e-07	  -2.7078553e-01	
   4.0074883e-01	   1.0786391e+00	   1.1175822e-20	   2.1481693e-04	   4.2849211e-03	   1.8295452e-03	   2.3038263e-03	   1.1579860e-03	  -5.5971647e-07	   5.0770300e-08	  -2.7970842e-01	
   4.1865974e-01	   1.0735474e+00	   1.8138347e-20	   2.0090172e-04	   4.4477584e-03	   1.8806258e-03	   2.3914304e-03	   1.2092845e-03	  -1.6821430e-06	  -4.0519161e-07	  -2.8896973e-01	
   4.3640924e-01	   1.0683326e+00	  -1.8239639e-21	   1.8078095e-04	   4.6103148e-03	   1.9324523e-03	   2.4804723e-03	   1.2600854e-03	  -2.4454450e-06	  -8.4956976e-07	  -2.9865112e-01	
   4.5399050e-01	   1.0629979e+00	   2.9773747e-21	   1.5172154e-04	   4.7727413e-03	   1.9849594e-03	   2.5706525e-03	   1.3104571e-03	  -3.3906594e-06	  -8.8737096e-07	  -3.0822149e-01	
   4.7139674e-01	   1.0575481e+00	  -2.7516865e-20	   1.1919704e-04	   4.9364902e-03	   2.0380000e-03	   2.6614392e-03	   1.3603224e-03	  -4.0199846e-06	  -4.9596055e-07	  -3.1803252e-01	
   4.8862124e-01	   1.0519846e+00	  -2.9342826e-21	   9.4337025e-05	   5.1018682e-03	   2.0912698e-03	   2.7512770e-03	   1.4095018e-03	  -4.0022321e-06	   1.7985480e-07	  -3.2802583e-01	
   5.0565737e-01	   1.0463099e+00	  -1.0247141e-20	   8.1588699e-05	   5.2688013e-03	   2.1444576e-03	   2.8393300e-03	   1.4582353e-03	  -3.8164433e-06	   7.0228684e-07	  -3.3815398e-01	
   5.2249856e-01	   1.0405324e+00	   1.8310240e-21	   7.9563532e-05	   5.4352353e-03	   2.1974033e-03	   2.9272021e-03	   1.5063981e-03	  -4.3703571e-06	   9.9889002e-07	  -3.4802579e-01	
   5.3913832e-01	   1.0346518e+00	  -1.0680388e-21	   8.5734225e-05	   5.6007873e-03	   2.2501153e-03	   3.0155089e-03	   1.5540631e-03	  -4.7311619e-06	   1.1811369e-06	  -3.5905036e-01	
   5.5557023e-01	   1.0286566e+00	   2.0341726e-20	   9.7563485e-05	   5.7663337e-03	   2.3024383e-03	   3.1035191e-03	   1.6012412e-03	  -4.8180776e-06	   1.2252480e-06	  -3.7066330e-01	
   5.7178796e-01	   1.0225496e+00	   7.3371186e-21	   1.0729561e-04	   5.9321467e-03	   2.3541523e-03	   3.1902487e-03	   1.6477987e-03	  -4.7028167e-06	   1.1201009e-06	  -3.8259855e-01	
   5.8778525e-01	   1.0163329e+00	   1.0820419e-20	   1.0932911e-04	   6.0987145e-03	   2.4049913e-03	   3.2749983e-03	   1.6938478e-03	  -3.8960974e-06	   1.0422338e-06	  -3.9455944e-01	
   6.0355594e-01	   1.0100171e+00	   1.7209600e-21	   1.0476616e-04	   6.2656220e-03	   2.4549058e-03	   3.3595760e-03	   1.7391215e-03	  -2.8578084e-06	   1.1446722e-06	  -4.0654052e-01	
   6.1909395e-01	   1.0036026e+00	  -2.8065868e-21	   9.8063859e-05	   6.4332846e-03	   2.5040830e-03	   3.4451462e-03	   1.7834386e-03	  -2.0309961e-06	   1.2934952e-06	  -4.1922435e-01	
   6.3439328e-01	   9.9708892e-01	  -1.6122869e-20	   8.9320117e-05	   6.6001840e-03	   2.5528344e-03	   3.5310522e-03	   1.8272060e-03	  -7.3245130e-07	   1.4854730e-06	  -4.3240590e-01	
   6.4944805e-01	   9.9047824e-01	  -1.4948212e-20	   8.1152671e-05	   6.7665245e-03	   2.6012176e-03	   3.6156623e-03	   1.8703607e-03	   3.5776829e-08	   1.7141916e-06	  -4.4585445e-01	
   6.6425244e-01	   9.8377465e-01	  -4.2363353e-21	   7.6695134e-05	   6.9321208e-03	   2.6488790e-03	   3.7003940e-03	   1.9125336e-03	   3.3947206e-07	   1.8462291e-06	  -4.6009443e-01	
   6.7880075e-01	   9.7696732e-01	   1.0855200e-20	   7.3719251e-05	   7.0974057e-03	   2.6954035e-03	   3.7855599e-03	   1.9534915e-03	   1.3205263e-06	   1.9846994e-06	  -4.7595436e-01	
   6.9308736e-01	   9.7005061e-01	   2.3878770e-20	   7.7527654e-05	   7.2636392e-03	   2.7407982e-03	   3.8702469e-03	   1.9936701e-03	   2.5982279e-06	   1.9126431e-06	  -4.9247202e-01	
   7.0710678e-01	   9.6302655e-01	   3.7716100e-20	   8.9194485e-05	   7.4327531e-03	   2.7851281e-03	   3.9541092e-03	   2.0330672e-03	   3.5049618e-06	   1.4316749e-06	  -5.0980173e-01	
   7.2085360e-01	   9.5589162e-01	  -1.0535484e-20	   9.7944153e-05	   7.6039256e-03	   2.8283923e-03	   4.0385467e-03	   2.0716323e-03	   4.3078052e-06	   7.5048012e-07	  -5.2864809e-01	
   7.3432251e-01	   9.4863435e-01	  -1.6109721e-20	   1.0092860e-04	   7.7777757e-03	   2.8705840e-03	   4.1237034e-03	   2.1095738e-03	   5.2562086e-06	   1.6499765e-07	  -5.4925346e-01	
   7.4750833e-01	   9.4125169e-01	  -4.8083533e-20	   1.0346310e-04	   7.9539494e-03	   2.9115066e-03	   4.2102783e-03	   2.1469122e-03	   5.7065381e-06	  -2.7168653e-07	  -5.7077549e-01	
   7.6040597e-01	   9.3374566e-01	  -8.0430818e-21	   1.0535886e-04	   8.1315272e-03	   2.9508356e-03	   4.2980576e-03	   2.1833724e-03	   6.7089779e-06	  -3.9927961e-07	  -5.9342457e-01	
   7.7301045e-01	   9.2611836e-01	   1.5838044e-20	   1.0550318e-04	   8.3107991e-03	   2.9881598e-03	   4.3867884e-03	   2.2187348e-03	   7.9762188e-06	  -3.4182537e-07	  -6.1714375e-01	
   7.8531693e-01	   9.1836876e-01	   2.1315240e-20	   1.0684765e-04	   8.4935140e-03	   3.0232084e-03	   4.4758443e-03	   2.2526789e-03	   8.7140691e-06	  -2.7219845e-07	  -6.4281724e-01	
   7.9732065e-01	   9.1048406e-01	   3.7290403e-20	   1.1325493e-04	   8.6809135e-03	   3.0557830e-03	   4.5658516e-03	   2.2851199e-03	   7.7865057e-06	  -4.9660735e-07	  -6.7165441e-01	
   8.0901699e-01	   9.0244085e-01	   1.8305707e-20	   1.2084900e-04	   8.8771550e-03	   3.0854394e-03	   4.6579351e-03	   2.3162412e-03	   5.8380165e-06	  -9.4440549e-07	  -7.0443087e-01	
   8.2040144e-01	   8.9422162e-01	  -3.2903750e-20	   1.2822997e-04	   9.0865470e-03	   3.1115169e-03	   4.7509992e-03	   2.3464798e-03	   3.7918309e-06	  -1.6600004e-06	  -7.4004835e-01	
   8.3146961e-01	   8.8582326e-01	  -3.1286387e-20	   1.3492702e-04	   9.3139282e-03	   3.1328978e-03	   4.8439684e-03	   2.3756752e-03	   3.0853669e-06	  -2.5184638e-06	  -7.7824949e-01	
   8.4221723e-01	   8.7723549e-01	   2.0022215e-21	   1.3632648e-04	   9.5623391e-03	   3.1483539e-03	   4.9368636e-03	   2.4034714e-03	   3.9105210e-06	  -3.2226308e-06	  -8.2101769e-01	
   8.5264016e-01	   8.6842891e-01	  -6.4830182e-21	   1.2927274e-04	   9.8362000e-03	   3.1565346e-03	   5.0286541e-03	   2.4298194e-03	   6.2967760e-06	  -3.4502419e-06	  -8.7021209e-01	
   8.6273439e-01	   8.5936745e-01	  -4.5261860e-21	   1.1222609e-04	   1.0141887e-02	   3.1559918e-03	   5.1185062e-03	   2.4544665e-03	   9.9085112e-06	  -3.2072450e-06	  -9.2691321e-01	
   8.7249601e-01	   8.5000486e-01	   1.7763512e-20	   9.0867762e-05	   1.0487806e-02	   3.1448741e-03	   5.2057101e-03	   2.4770289e-03	   1.3210587e-05	  -2.9910790e-06	  -9.9352843e-01	
   8.8192126e-01	   8.4028370e-01	   1.4441833e-21	   6.8021220e-05	   1.0885490e-02	   3.1208049e-03	   5.2879344e-03	   2.4972157e-03	   1.5476081e-05	  -2.8590940e-06	  -1.0718927e+00	
   8.9100652e-01	   8.3013566e-01	  -1.3053772e-20	   4.6383630e-05	   1.1346275e-02	   3.0812975e-03	   5.3627013e-03	   2.5146847e-03	   1.6902192e-05	  -2.5483975e-06	  -1.1656626e+00	
   8.9974828e-01	   8.1946413e-01	  -3.3381479e-21	   2.9370155e-05	   1.1881127e-02	   3.0236820e-03	   5.4283054e-03	   2.5288451e-03	   1.7238482e-05	  -1.9916990e-06	  -1.2807604e+00	
   9.0814317e-01	   8.0813338e-01	   9.9102621e-21	   1.8436686e-05	   1.2501776e-02	   2.9451038e-03	   5.4823589e-03	   2.5388443e-03	   1.7459857e-05	  -1.4313244e-06	  -1.4253956e+00	
   9.1618796e-01	   7.9596084e-01	  -6.3956782e-21	   1.1050725e-05	   1.3222377e-02	   2.8427436e-03	   5.5214702e-03	   2.5436678e-03	   1.8272011e-05	  -1.0267132e-06	  -1.6097348e+00	
   9.2387953e-01	   7.8271203e-01	   8.6728986e-21	   6.6152809e-06	   1.4055461e-02	   2.7141445e-03	   5.5426539e-03	   2.5420564e-03	   1.9365728e-05	  -7.2023088e-07	  -1.8474243e+00	
   9.3121493e-01	   7.6808308e-01	   1.1109523e-20	   5.4149901e-06	   1.5011293e-02	   2.5575992e-03	   5.5413314e-03	   2.5322672e-03	   2.0601924e-05	  -4.7739826e-07	  -2.1577208e+00	
   9.3819134e-01	   7.5168201e-01	   1.3780337e-20	   7.0328195e-06	   1.6093760e-02	   2.3723379e-03	   5.5116830e-03	   2.5118388e-03	   2.1765424e-05	  -2.4904137e-07	  -2.5667054e+00	
   9.4480605e-01	   7.3301227e-01	  -5.2440763e-21	   1.3661939e-05	   1.7293491e-02	   2.1589918e-03	   5.4474914e-03	   2.4772822e-03	   2.2649347e-05	  -1.6329327e-09	  -3.1086952e+00	
   9.5105652e-01	   7.1145920e-01	   9.1416288e-21	   2.6521858e-05	   1.8580001e-02	   1.9203075e-03	   5.3408871e-03	   2.4238933e-03	   2.3223722e-05	   2.4519152e-07	  -3.8290575e+00	
   9.5694034e-01	   6.8627075e-01	   4.4472412e-21	   4.3429190e-05	   1.9890717e-02	   1.6615812e-03	   5.1825557e-03	   2.3456087e-03	   2.3487832e-05	   4.2908932e-07	  -4.7887771e+00	
   9.6245524e-01	   6.5654389e-01	  -8.0389408e-21	   6.0405564e-05	   2.1117245e-02	   1.3909434e-03	   4.9635275e-03	   2.2345626e-03	   2.3001166e-05	   5.2235245e-07	  -6.0664805e+00	
   9.6759909e-01	   6.2124492e-01	  -1.4135799e-21	   7.3141607e-05	   2.2091959e-02	   1.1191785e-03	   4.6768194e-03	   2.0813831e-03	   2.1345927e-05	   5.1793455e-07	  -7.7552375e+00	
   9.7236992e-01	   5.7929903e-01	  -2.4348468e-21	   7.8808316e-05	   2.2577457e-02	   8.5894322e-04	   4.3195647e-03	   1.8766088e-03	   1.8819311e-05	   4.5536121e-07	  -9.9484861e+00	
   9.7676588e-01	   5.2980515e-01	   3.1704328e-21	   7.7475125e-05	   2.2274511e-02	   6.2306192e-04	   3.8956223e-03	   1.6145076e-03	   1.5928416e-05	   3.7150216e-07	  -1.2702565e+01	
   9.8078528e-01	   4.7243140e-01	   9.5181465e-22	   7.0617675e-05	   2.0877598e-02	   4.2229235e-04	   3.4161016e-03	   1.2997942e-03	   1.2946848e-05	   2.6630844e-07	  -1.5970279e+01	
   9.8442657e-01	   4.0794800e-01	   1.0042695e-21	   6.0093465e-05	   1.8209236e-02	   2.6332161e-04	   2.8959628e-03	   9.5483911e-04	   9.9909648e-06	   1.4914732e-07	  -1.9528494e+01	
   9.8768834e-01	   3.3865288e-01	   2.3072861e-21	   4.7957268e-05	   1.4419214e-02	   1.4775220e-04	   2.3494216e-03	   6.2069801e-04	   7.0813610e-06	   5.6695919e-08	  -2.2967014e+01	
   9.9056934e-01	   2.6828433e-01	  -1.4346229e-21	   3.6261841e-05	   1.0103065e-02	   7.2223991e-05	   1.7913541e-03	   3.4465428e-04	   4.4223212e-06	   7.2869099e-09	  -2.5813129e+01	
   9.9306846e-01	   2.0120334e-01	   8.1823664e-23	   2.6133038e-05	   6.1201954e-03	   2.9331357e-05	   1.2472799e-03	   1.5718572e-04	   2.3762074e-06	  -6.5214537e-09	  -2.7762073e+01	
   9.9518473e-01	   1.4121582e-01	   5.6670789e-23	   1.7881100e-05	   3.1391301e-03	   9.2229391e-06	   7.6072377e-04	   5.6303309e-05	   1.0928859e-06	  -5.0611867e-09	  -2.8833745e+01	
   9.9691733e-01	   9.0806054e-02	  -4.0416164e-23	   1.1350295e-05	   1.3214395e-03	   2.0087329e-06	   3.8239580e-04	   1.4891654e-05	   4.2714112e-07	  -1.7485632e-09	  -2.9299265e+01	
   9.9826561e-01	   5.1177349e-02	   1.5080614e-23	   6.3643779e-06	   4.2330179e-04	   2.4845258e-07	   1.4299880e-04	   2.5848041e-06	   1.3185015e-07	  -3.3422560e-10	  -2.9462287e+01	
   9.9922904e-01	   2.2764634e-02	   9.7168573e-24	   2.8257343e-06	   8.4286691e-05	   1.1324634e-08	   3.1976755e-05	   2.1932684e-07	   2.5824815e-08	  -3.3781497e-11	  -2.9514455e+01	
   9.9980724e-01	   5.6934578e-03	   3.1852698e-25	   7.0638346e-07	   5.2989344e-06	   4.8626329e-11	   2.1577546e-06	   3.3399932e-09	   1.6152451e-09	  -5.7200191e-13	  -2.9533711e+01	
   1.0000000e+00	   2.3271703e-33	  -4.4217416e-36	   1.2645824e-36	   1.1763054e-30	   1.2481020e-33	   1.7968646e-31	   9.3546643e-36	   1.7791035e-33	  -5.0192193e-36	  -2.9539441e+01	
